 -6.015314800818334E-07
 -2.314284805786896E-06
 -5.177241456549650E-06
 -9.148827891008730E-06
 -1.421184426805588E-05
 -2.035066253931761E-05
 -2.751740485694447E-05
 -3.563152703506052E-05
 -4.462469758267663E-05
 -5.443409964135213E-05
 -6.498393362245665E-05
 -7.618601056642652E-05
 -8.794362856649957E-05
 -1.001515328588455E-04
 -1.126941135650533E-04
 -1.254471650612033E-04
 -1.382733036593728E-04
 -1.510240143381461E-04
 -1.635390640006035E-04
 -1.756418546185532E-04
 -1.871428113816347E-04
 -1.978328079738702E-04
 -2.074692457175280E-04
 -2.157837386357319E-04
 -2.224569909969225E-04
 -2.271059565709319E-04
 -2.292593989801531E-04
 -2.282990786355238E-04
 -2.233066033598264E-04
 -2.122468142544688E-04
 -1.908026651661531E-04
 -1.535207343596628E-04
 -1.111997576380304E-04
 -8.356171951675513E-05
 -6.885891722994934E-05
 -5.809063061131501E-05
 -4.978557098142710E-05
 -4.317539024548873E-05
 -3.779148403924317E-05
 -3.333016088546505E-05
 -2.958224482152029E-05
 -2.639742896354827E-05
 -2.366387390106540E-05
 -2.129680285989265E-05
 -1.923170732036231E-05
 -1.741811454139184E-05
 -1.581568521459140E-05
 -1.439188028901872E-05
 -1.312029483056240E-05
 -1.197939653284308E-05
 -1.095143440465552E-05
 -1.002147890322282E-05
 -9.177122969627408E-06
 -8.407970615209675E-06
 -7.705239552806467E-06
 -7.061367171545787E-06
 -6.469946428531089E-06
 -5.925412125681912E-06
 -5.423058762754938E-06
 -4.958777834128098E-06
 -4.528819736747498E-06
 -4.130057492067332E-06
 -3.759599381258045E-06
 -3.414881720258470E-06
 -3.093661843269911E-06
 -2.793827203808612E-06
 -2.513482841758302E-06
 -2.250867164001015E-06
 -2.004364365997127E-06
 -1.772496459868019E-06
 -1.553859589740658E-06
 -1.347149695231559E-06
 -1.151161669964858E-06
 -9.647868877107274E-07
 -7.870300941852645E-07
 -6.169809811252212E-07
 -4.538489461560481E-07
 -2.969657799008108E-07
 -1.458075535359504E-07
 -4.403282379178252E-15
 -1.071130056297518E-12
 -1.452031931910423E-11
 -9.432880711107592E-11
 -3.945565452278453E-10
 -1.609629740078912E-09
 -3.169111313558874E-09
 -4.765599858575191E-09
 -8.112925148440485E-09
 -1.378294003533586E-08
 -2.165684091350776E-08
 -3.198042257367019E-08
 -4.461114976850170E-08
 -5.873707440596399E-08
 -7.264161151550413E-08
 -8.335124326896001E-08
 -8.613808256084102E-08
 -7.391960344858241E-08
 -3.743890615141319E-08
 3.561038779452237E-08
 1.625063437778268E-07
 3.666634867440667E-07
 6.791478655133542E-07
 1.144747304686227E-06
 1.692038785194846E-06
 2.247697687503389E-06
 3.008963982520505E-06
 4.219631579485344E-06
 6.019463182986584E-06
 8.621617066159521E-06
 1.308416033927565E-05
 2.032813392808628E-05
 2.873168691385905E-05
 3.265610017272773E-05
 2.925984263904087E-05
 2.350517534691735E-05
 1.902128214775484E-05
 1.550586762238160E-05
 1.272478530424595E-05
 1.050732484986020E-05
 8.726434644487225E-06
 7.286367417171539E-06
 6.114455392837841E-06
 5.155116532425893E-06
 4.365414132778251E-06
 3.711957420812120E-06
 3.168543782881934E-06
 2.714521700650435E-06
 2.333473946068696E-06
 2.012278847934065E-06
 1.740427029179874E-06
 1.509457986012610E-06
 1.312482232969697E-06
 1.143893551571908E-06
 9.991099265468134E-07
 8.743642996613944E-07
 7.665339918439078E-07
 6.730392361672533E-07
 5.917254156608022E-07
 5.208028374539118E-07
 4.587680967603174E-07
 4.043421275438211E-07
 3.564652874964848E-07
 3.142279152489353E-07
 2.768571257212330E-07
 2.436947999417145E-07
 2.141707968316279E-07
 1.878072530034908E-07
 1.641898044047739E-07
 1.429569023081423E-07
 1.237964795913269E-07
 1.064337948123256E-07
 9.063096130498275E-08
 7.618029107983374E-08
 6.289789833474563E-08
 5.062323242015007E-08
 3.921457413498758E-08
 2.854955540811669E-08
 1.852125820584087E-08
 9.033389842976811E-09
 5.801879809105785E-17
 1.599404147847961
 1.597434674084425
 1.594155991144962
 1.589575787446034
 1.583703783864266
 1.576551400125039
 1.568134870525095
 1.558472852651435
 1.547582754079426
 1.535488343742929
 1.522216739685520
 1.507795971208845
 1.492254210505922
 1.475628009940593
 1.457951909181614
 1.439267807363191
 1.419615975952745
 1.399040321552151
 1.377587542473512
 1.355307464189622
 1.332251610483308
 1.308476303107507
 1.284036381004693
 1.258987847201592
 1.233387124738812
 1.207302105380231
 1.180791813961240
 1.153917008407096
 1.126754289358224
 1.099328516520199
 1.071745202651485
 1.044843318990720
 1.019668571545640
 0.9952017830977402
 0.9702838969464317
 0.9451312378133514
 0.9198829278404251
 0.8946333990093613
 0.8694825797700944
 0.8445184959883555
 0.8198247809443162
 0.7954786839667320
 0.7715525354608935
 0.7481115998607403
 0.7252157148040214
 0.7029172071843794
 0.6812623428835372
 0.6602898668459187
 0.6400308981446634
 0.6205087485947011
 0.6017400519081203
 0.5837326760114527
 0.5664862898938113
 0.5499923511058062
 0.5342342906682921
 0.5191875838009562
 0.5048196136582854
 0.4910908185620791
 0.4779541392171633
 0.4653574067863244
 0.4532425548786509
 0.4415475996272492
 0.4302083688070976
 0.4191590250958804
 0.4083353284562182
 0.3976760967804966
 0.3871259719402229
 0.3766386361480435
 0.3661799798870186
 0.3557322914990385
 0.3452985462300739
 0.3349071666858446
 0.3246176419002499
 0.3145265058566228
 0.3047742035964904
 0.2955527308240476
 0.2871135191098114
 0.2797770097296455
 0.2739418175713140
 0.2700943627959438
 4.853454615813641E-05
 9.384058779116281E-05
 1.383525817599138E-04
 1.823329238933718E-04
 2.258921856981608E-04
 2.688410822204360E-04
 3.093645444904680E-04
 3.473967798380991E-04
 3.834294135413017E-04
 4.170783451925884E-04
 4.479790411007422E-04
 4.757871032785666E-04
 5.002178736719977E-04
 5.209726795038713E-04
 5.377495599201589E-04
 5.501893828700365E-04
 5.578976735463972E-04
 5.605029935350330E-04
 5.575959854172377E-04
 5.486464033275001E-04
 5.332839527085022E-04
 5.106679885024981E-04
 4.797681530475014E-04
 4.398917540110560E-04
 3.888208245969856E-04
 3.250814977543172E-04
 2.450276987326657E-04
 1.438634918955644E-04
 9.521226361770722E-06
 -2.077491994479209E-04
 -5.840363240675559E-04
 -1.108546049034282E-03
 -9.126396994598500E-04
 -3.878230611032819E-04
 -2.709346358518905E-04
 -2.025437856847711E-04
 -1.572847449899999E-04
 -1.256498763533217E-04
 -1.024569585236711E-04
 -8.491176631446660E-05
 -7.131598111064710E-05
 -6.058053665458598E-05
 -5.200162743504684E-05
 -4.504266416120395E-05
 -3.930646302271130E-05
 -3.454710622354316E-05
 -3.056291074618492E-05
 -2.720079387797621E-05
 -2.434256157425460E-05
 -2.189630658057182E-05
 -1.978931177408176E-05
 -1.796321341496692E-05
 -1.637110547126601E-05
 -1.497516490641064E-05
 -1.374445827876747E-05
 -1.265417695120824E-05
 -1.168289467322142E-05
 -1.081297565384009E-05
 -1.003109894550380E-05
 -9.325687895593750E-06
 -8.687256099715148E-06
 -8.107920012307706E-06
 -7.581146099516248E-06
 -7.101656046053207E-06
 -6.664796340727000E-06
 -6.267014368336036E-06
 -5.905422399283094E-06
 -5.577280114829830E-06
 -5.280456586153532E-06
 -5.013071019003338E-06
 -4.773324873870121E-06
 -4.559497982880518E-06
 -4.369773698282002E-06
 -4.202301047221562E-06
 -4.054963775374204E-06
 -3.925252996043338E-06
 -3.810579165748150E-06
 -3.708053373886944E-06
 -3.614041223340280E-06
 -3.524129506841262E-06
 7.899386033876335E-11
 3.906919971137999E-10
 2.252944084965337E-09
 7.483615304646761E-09
 3.050524790502680E-08
 2.237076926477413E-08
 3.622120430233257E-08
 7.539896233638949E-08
 1.092394405357627E-07
 1.490738510523419E-07
 1.921779272409486E-07
 2.301832200066902E-07
 2.519136910164638E-07
 2.416357947499770E-07
 1.775627127604050E-07
 2.909616930201300E-08
 -2.434279751655089E-07
 -6.675724710362738E-07
 -1.307926806744651E-06
 -2.246237590177795E-06
 -3.582304356012634E-06
 -5.442865124216628E-06
 -8.097035965249730E-06
 -8.160920828156284E-06
 -8.876129527674740E-06
 -1.423966683514106E-05
 -2.169957725474689E-05
 -3.119807388197353E-05
 -4.485054859304011E-05
 -8.340742005899685E-05
 -1.232038818362334E-04
 -1.201225043582076E-04
 -8.956758324970662E-06
 7.418538783730639E-05
 5.768220612661787E-05
 4.496615861807088E-05
 3.540498906882914E-05
 2.810980553278586E-05
 2.248521885331421E-05
 1.811501691547779E-05
 1.469422067935654E-05
 1.199267164219422E-05
 9.845781634967993E-06
 8.128111101476922E-06
 6.745519271088316E-06
 5.626508076831317E-06
 4.715761441565937E-06
 3.970973333457766E-06
 3.359173672894566E-06
 2.853922047420888E-06
 2.434802994126730E-06
 2.085757937062638E-06
 1.793906778729552E-06
 1.548904527895559E-06
 1.342550199271804E-06
 1.168148272027612E-06
 1.020214298862235E-06
 8.943807660671219E-07
 7.870137481235484E-07
 6.952309248834679E-07
 6.165000934383118E-07
 5.487774120138202E-07
 4.904634432488455E-07
 4.401322429911851E-07
 3.967547499047837E-07
 3.592202349878920E-07
 3.266023340157190E-07
 2.983689517671641E-07
 2.739017146735565E-07
 2.527463479010795E-07
 2.344765683898591E-07
 2.186892837755997E-07
 2.051167612617579E-07
 1.935039699940866E-07
 1.836053064633249E-07
 1.752061804601697E-07
 1.680855597165748E-07
 1.621184488152794E-07
 1.572111418633862E-07
 1.532054002146422E-07
 0.1578232721946562
 0.1578155281539063
 0.1578026832872517
 0.1577848297767908
 0.1577620954127792
 0.1577346424612383
 0.1577026659033342
 0.1576663915539991
 0.1576260740305781
 0.1575819945589345
 0.1575344585374790
 0.1574837920355105
 0.1574303385824997
 0.1573744566985294
 0.1573165150582108
 0.1572568893908776
 0.1571959596218512
 0.1571341053903547
 0.1570717027424206
 0.1570091204311843
 0.1569467150181014
 0.1568848283650222
 0.1568237850312124
 0.1567638914711695
 0.1567054331668481
 0.1566486628307646
 0.1565938125393959
 0.1565410853769054
 0.1564906409955109
 0.1564426606974983
 0.1563972214792313
 0.1563535339137505
 0.1563103418675450
 0.1562686273774623
 0.1562298221598847
 0.1561938130373673
 0.1561605236081248
 0.1561298963634882
 0.1561018354892232
 0.1560762292260808
 0.1560529472589955
 0.1560318441764636
 0.1560127624644157
 0.1559955365015572
 0.1559799963710671
 0.1559659707952372
 0.1559532902568532
 0.1559417896832131
 0.1559313121765782
 0.1559217101505422
 0.1559128471014995
 0.1559046007557958
 0.1558968640876253
 0.1558895466241314
 0.1558825754280330
 0.1558758957392655
 0.1558694714617034
 0.1558632850991207
 0.1558573374544461
 0.1558516471052828
 0.1558462490648454
 0.1558411931169093
 0.1558365414167320
 0.1558323653123999
 0.1558287414082286
 0.1558257465621080
 0.1558234521126706
 0.1558219168403056
 0.1558211790232655
 0.1558212479040335
 0.1558220941730612
 0.1558236400675272
 0.1558257492001665
 0.1558282160556686
 0.1558307550248277
 0.1558329879935277
 0.1558344286344147
 0.1558344607704154
 0.1558323052395628
 0.1558269695676557
 -1.307307921204885E-10
 -8.619931583498523E-10
 -2.760020949628989E-09
 -6.369276697066307E-09
 -1.223154395335372E-08
 -2.085220339002084E-08
 -3.253326667920737E-08
 -4.753635525811992E-08
 -6.613109502906544E-08
 -8.843255538693408E-08
 -1.144368524201100E-07
 -1.440184212995899E-07
 -1.769356035310474E-07
 -2.128132048257490E-07
 -2.511419120576582E-07
 -2.912564510941282E-07
 -3.323291201350781E-07
 -3.733878756951314E-07
 -4.132926750685472E-07
 -4.506805957623435E-07
 -4.841689552269828E-07
 -5.119460399751869E-07
 -5.317470372059832E-07
 -5.413048316914495E-07
 -5.368826001905468E-07
 -5.149586214556040E-07
 -4.699687987726851E-07
 -3.942000863041656E-07
 -2.717474733914529E-07
 -4.224962495579203E-08
 3.946240530645947E-07
 1.055302751482036E-06
 9.584230744033135E-07
 4.151541967731571E-07
 3.092313769232161E-07
 2.487519033424927E-07
 2.088002848907267E-07
 1.806909312580266E-07
 1.596901506363532E-07
 1.433731758433036E-07
 1.303084641441980E-07
 1.196055391545000E-07
 1.107210070293383E-07
 1.032182505174001E-07
 9.676151363967682E-08
 9.117409372283842E-08
 8.629679653791544E-08
 8.200801302989753E-08
 7.821245740730903E-08
 7.483518139225213E-08
 7.181565737700802E-08
 6.910388464186180E-08
 6.665866362028782E-08
 6.444596300978431E-08
 6.243703093367933E-08
 6.060842172539012E-08
 5.893851296193488E-08
 5.740876268330241E-08
 5.600551510378596E-08
 5.471605270177218E-08
 5.352964992598551E-08
 5.243708807533595E-08
 5.143048567383740E-08
 5.050345328509467E-08
 4.965014477016899E-08
 4.886629633307403E-08
 4.814863986995272E-08
 4.749405124363423E-08
 4.690049112238986E-08
 4.636644049634463E-08
 4.589065202349956E-08
 4.547222446624099E-08
 4.511037027221616E-08
 4.480466041686803E-08
 4.455479728551243E-08
 4.436060929895645E-08
 4.422290394433034E-08
 4.414337377128056E-08
 4.412402644742530E-08
 4.416707017003737E-08
 -2.157410127885306E-16
 -6.880769977872554E-15
 -9.562090798888697E-14
 -5.649380250973954E-13
 -2.871521742756156E-12
 -5.608813605179540E-12
 -1.247951574481814E-11
 -2.897774696737967E-11
 -5.745819051718656E-11
 -1.047911781886647E-10
 -1.789633694922588E-10
 -2.885986224501590E-10
 -4.428328055799557E-10
 -6.501993437134003E-10
 -9.170258872330258E-10
 -1.244725878292589E-09
 -1.627011149008475E-09
 -2.056514344707519E-09
 -2.501490709721607E-09
 -2.906993039735480E-09
 -3.187769755408940E-09
 -3.213882278127391E-09
 -2.723879234957589E-09
 -4.068819870464788E-09
 -5.097255971690526E-09
 -2.251433028467222E-09
 2.977584943108801E-09
 1.094946317528444E-08
 2.418311930463564E-08
 6.683638962248749E-08
 1.196877680905191E-07
 1.299975695353068E-07
 1.467024366072672E-08
 -8.346088619721098E-08
 -6.715829839231675E-08
 -5.406133313837210E-08
 -4.380799463171925E-08
 -3.563521363436410E-08
 -2.904135818203174E-08
 -2.367568574408425E-08
 -1.927570997127019E-08
 -1.563443391653539E-08
 -1.260281707122018E-08
 -1.006258040744352E-08
 -7.922292921271052E-09
 -6.110241528186876E-09
 -4.568704914676822E-09
 -3.252101043137614E-09
 -2.123584174719371E-09
 -1.152178894082431E-09
 -3.131829919843030E-10
 4.135299394224915E-10
 1.044774124872736E-09
 1.594585817092809E-09
 2.074502476360773E-09
 2.494305790242450E-09
 2.862337498451494E-09
 3.185468595445393E-09
 3.469637244380170E-09
 3.719718668245054E-09
 3.940142304802276E-09
 4.134620678857234E-09
 4.306160591382012E-09
 4.457517254016797E-09
 4.590775641824408E-09
 4.708167912121304E-09
 4.811631563883126E-09
 4.902378599780020E-09
 4.981763975648189E-09
 5.050833105489805E-09
 5.110550386005669E-09
 5.161820020933473E-09
 5.205268198517014E-09
 5.241463403292790E-09
 5.270918769384920E-09
 5.294052714203536E-09
 5.311249420836603E-09
 5.322680096040001E-09
 5.328397729228208E-09
 5.328507954245382E-09
